139976,9 455271,4 2018 01 24 17 51 50
139978,8 455272,4 2018 01 24 17 51 51
139984,6 455268,3 2018 01 24 17 52 19
139985,2 455266 2018 01 24 17 52 20
139985,5 455262,3 2018 01 24 17 52 21
139984,9 455257,4 2018 01 24 17 52 22
139984,5 455251,4 2018 01 24 17 52 23
139983,9 455244,5 2018 01 24 17 52 24
139984,1 455237,9 2018 01 24 17 52 25
139984,5 455231,2 2018 01 24 17 52 26
139985,7 455223,9 2018 01 24 17 52 27
139988 455217,2 2018 01 24 17 52 28
139991,2 455211,8 2018 01 24 17 52 29
139995,9 455208 2018 01 24 17 52 30
140001,3 455204,2 2018 01 24 17 52 31
140007,5 455200,9 2018 01 24 17 52 32
140013,8 455198,2 2018 01 24 17 52 33
140020,4 455196,9 2018 01 24 17 52 34
140027,5 455196,3 2018 01 24 17 52 35
140034,6 455195,7 2018 01 24 17 52 36
140042 455195,9 2018 01 24 17 52 37
140050,7 455197 2018 01 24 17 52 38
140059,8 455198,5 2018 01 24 17 52 39
140068,7 455200 2018 01 24 17 52 40
140077,4 455201,4 2018 01 24 17 52 41
140086,6 455201,7 2018 01 24 17 52 42
140095,5 455202,2 2018 01 24 17 52 43
140105 455202,6 2018 01 24 17 52 44
140115,3 455202,6 2018 01 24 17 52 45
140124,3 455203,3 2018 01 24 17 52 46
140133,2 455204,6 2018 01 24 17 52 47
140142,8 455206,3 2018 01 24 17 52 48
140153,3 455207,1 2018 01 24 17 52 49
140164,3 455207,7 2018 01 24 17 52 51
140175,9 455207,8 2018 01 24 17 52 51
140188 455206,9 2018 01 24 17 52 52
140200,1 455205,4 2018 01 24 17 52 53
140212,8 455202 2018 01 24 17 52 54
140224,3 455199,3 2018 01 24 17 52 55
140234,8 455200,8 2018 01 24 17 52 56
140245,1 455201,9 2018 01 24 17 52 57
140253,9 455202,6 2018 01 24 17 52 58
140263,2 455202,9 2018 01 24 17 52 59
140270,9 455204,6 2018 01 24 17 53 00
140277,8 455208,3 2018 01 24 17 53 01
140286,5 455211,3 2018 01 24 17 53 02
140294,2 455213 2018 01 24 17 53 03
140300,7 455213,1 2018 01 24 17 53 04
140306,3 455213,2 2018 01 24 17 53 05
140312,8 455209,8 2018 01 24 17 53 06
140319,3 455206,9 2018 01 24 17 53 07
140324,2 455206,4 2018 01 24 17 53 09
140328,5 455205,9 2018 01 24 17 53 09
140332,6 455205,1 2018 01 24 17 53 10
140336,6 455205 2018 01 24 17 53 11
140340 455205,9 2018 01 24 17 53 12
140342,2 455207 2018 01 24 17 53 13
140343,9 455207,3 2018 01 24 17 53 14
140346,8 455208,3 2018 01 24 17 53 28
140350,3 455207 2018 01 24 17 53 29
140355 455205,7 2018 01 24 17 53 32
140359,6 455205,1 2018 01 24 17 53 32
140363,5 455204,8 2018 01 24 17 53 32
140365,9 455205 2018 01 24 17 53 33
140367,6 455205,4 2018 01 24 17 53 34
140368,4 455206,4 2018 01 24 17 53 35
140372,7 455208,4 2018 01 24 17 53 45
140377,2 455208,2 2018 01 24 17 53 46
140384,4 455204,5 2018 01 24 17 53 47
140392,3 455201,5 2018 01 24 17 53 48
140401,1 455200,6 2018 01 24 17 53 49
140409,9 455199,8 2018 01 24 17 53 50
140418,5 455200,3 2018 01 24 17 53 52
140426,7 455202,5 2018 01 24 17 53 52
140435,2 455203,8 2018 01 24 17 53 53
140443,9 455204,9 2018 01 24 17 53 54
140452,7 455206,1 2018 01 24 17 53 55
140461,7 455207,1 2018 01 24 17 53 56
140471,3 455207,7 2018 01 24 17 53 57
140480,8 455207,6 2018 01 24 17 53 58
140489,1 455207 2018 01 24 17 53 59
140496,5 455206,1 2018 01 24 17 54 00
140501,9 455206,1 2018 01 24 17 54 01
140505,7 455205,8 2018 01 24 17 54 02
140509,7 455203,5 2018 01 24 17 54 03
140510,5 455203,5 2018 01 24 17 54 04
140510,2 455204 2018 01 24 17 54 05
140511,2 455190,4 2018 01 24 17 54 24
140516,4 455190 2018 01 24 17 54 25
140522,2 455190,2 2018 01 24 17 54 26
140528,9 455191,3 2018 01 24 17 54 27
140536,4 455191,5 2018 01 24 17 54 28
140544,6 455192 2018 01 24 17 54 29
140552,6 455193,8 2018 01 24 17 54 30
140560,7 455195,7 2018 01 24 17 54 31
140569,8 455196,6 2018 01 24 17 54 33
140579,6 455197,1 2018 01 24 17 54 33
140590,3 455197,4 2018 01 24 17 54 34
140601,4 455198 2018 01 24 17 54 35
140612,6 455198,4 2018 01 24 17 54 36
140623,5 455198,8 2018 01 24 17 54 37
140634,3 455199,3 2018 01 24 17 54 38
140645,4 455200 2018 01 24 17 54 39
140656,9 455201,5 2018 01 24 17 54 40
140668,1 455203,1 2018 01 24 17 54 41
140679 455205,4 2018 01 24 17 54 42
140689,5 455207,8 2018 01 24 17 54 43
140699,3 455210,5 2018 01 24 17 54 44
140708,8 455213,3 2018 01 24 17 54 45
140716,9 455215,8 2018 01 24 17 54 46
140724,2 455217,7 2018 01 24 17 54 47
140730,7 455219,7 2018 01 24 17 54 48
140736,4 455221,2 2018 01 24 17 54 49
140741,3 455222,6 2018 01 24 17 54 50
140746 455223,8 2018 01 24 17 54 51
140750,2 455225,1 2018 01 24 17 54 53
140753,5 455226,2 2018 01 24 17 54 53
140755,7 455226,6 2018 01 24 17 54 54
140756,6 455226,7 2018 01 24 17 54 55
140758,1 455227,5 2018 01 24 17 55 17
140761,3 455228,6 2018 01 24 17 55 18
140765,9 455230,6 2018 01 24 17 55 19
140771,5 455232,8 2018 01 24 17 55 20
140778 455235,3 2018 01 24 17 55 21
140785,1 455237,6 2018 01 24 17 55 22
140816 455246,6 2018 01 24 17 55 23
140823,3 455248,8 2018 01 24 17 55 24
140830,4 455251,1 2018 01 24 17 55 25
140837,5 455254,2 2018 01 24 17 55 26
140846,3 455258,3 2018 01 24 17 55 27
140855,1 455263 2018 01 24 17 55 28
140864,5 455266,8 2018 01 24 17 55 29
140874,2 455270,9 2018 01 24 17 55 30
140884 455275,3 2018 01 24 17 55 33
140893,4 455280,4 2018 01 24 17 55 33
140903,1 455285,9 2018 01 24 17 55 33
140911,9 455292,9 2018 01 24 17 55 34
140920,7 455299,9 2018 01 24 17 55 35
140928,6 455307,5 2018 01 24 17 55 36
140937,2 455314,4 2018 01 24 17 55 37
140946 455321,6 2018 01 24 17 55 38
140955,3 455328,9 2018 01 24 17 55 39
140964,1 455337,8 2018 01 24 17 55 40
140972,8 455346,5 2018 01 24 17 55 41
140982,2 455355,2 2018 01 24 17 55 42
140992,2 455364,9 2018 01 24 17 55 43
141002,9 455376,3 2018 01 24 17 55 44
141012,8 455387,9 2018 01 24 17 55 45
141020,8 455400,5 2018 01 24 17 55 46
141027,9 455412,2 2018 01 24 17 55 47
141034,6 455425,5 2018 01 24 17 55 48
141040 455439,3 2018 01 24 17 55 49
141045,6 455453,4 2018 01 24 17 55 50
141050,5 455467,4 2018 01 24 17 55 53
141054,3 455481,4 2018 01 24 17 55 53
141056,8 455495,3 2018 01 24 17 55 53
141058,3 455509,1 2018 01 24 17 55 54
141059 455522,3 2018 01 24 17 55 55
141058,2 455534,5 2018 01 24 17 55 56
141056,3 455545,9 2018 01 24 17 55 57
141054,2 455556,8 2018 01 24 17 55 58
141052,6 455566 2018 01 24 17 55 59
141051,2 455575 2018 01 24 17 56 00
141049,6 455583,3 2018 01 24 17 56 01
141046,9 455592,3 2018 01 24 17 56 02
141043,6 455602,1 2018 01 24 17 56 03
141040 455612,4 2018 01 24 17 56 04
141036,1 455622,9 2018 01 24 17 56 05
141032,1 455634,1 2018 01 24 17 56 06
141027,9 455645,4 2018 01 24 17 56 07
141023,5 455656,4 2018 01 24 17 56 08
141019,6 455667,3 2018 01 24 17 56 09
141015,8 455678 2018 01 24 17 56 10
141012,4 455687,9 2018 01 24 17 56 13
141009,5 455697 2018 01 24 17 56 13
141007 455705,2 2018 01 24 17 56 13
141005 455712,4 2018 01 24 17 56 14
141002,5 455719,7 2018 01 24 17 56 15
141000,8 455726,8 2018 01 24 17 56 16
141000 455732,9 2018 01 24 17 56 17
140999,6 455737,4 2018 01 24 17 56 18
140999,2 455743 2018 01 24 17 56 19
140998,5 455749,3 2018 01 24 17 56 20
140997 455755 2018 01 24 17 56 21
140995,5 455760 2018 01 24 17 56 22
140993,9 455763,7 2018 01 24 17 56 23
140992,4 455767,1 2018 01 24 17 56 24
140990,9 455770,2 2018 01 24 17 56 25
140989,5 455773,3 2018 01 24 17 56 26
140988,4 455776,2 2018 01 24 17 56 27
140987,1 455779,6 2018 01 24 17 56 28
140986 455782,5 2018 01 24 17 56 29
140985,3 455784,2 2018 01 24 17 56 32
140984,7 455786,1 2018 01 24 17 56 41
140983,6 455789 2018 01 24 17 56 42
140981,8 455793,2 2018 01 24 17 56 43
140979,6 455798,5 2018 01 24 17 56 44
140977,5 455804,6 2018 01 24 17 56 45
140974,9 455811,5 2018 01 24 17 56 46
140971,6 455819,1 2018 01 24 17 56 47
140967,6 455826,9 2018 01 24 17 56 48
140963,5 455834 2018 01 24 17 56 49
140958,5 455841,3 2018 01 24 17 56 51
140952,5 455848,3 2018 01 24 17 56 51
140946,1 455854,2 2018 01 24 17 56 52
140938,9 455859,1 2018 01 24 17 56 53
140931,4 455862,8 2018 01 24 17 56 54
140923,5 455864,8 2018 01 24 17 56 55
140915,2 455865,3 2018 01 24 17 56 56
140906,2 455865 2018 01 24 17 56 57
140896,9 455864,3 2018 01 24 17 56 58
140887,3 455863,4 2018 01 24 17 56 59
140877,2 455863,1 2018 01 24 17 57 00
140867 455863,2 2018 01 24 17 57 01
140857 455864 2018 01 24 17 57 02
140846,9 455865,1 2018 01 24 17 57 03
140837,4 455866,2 2018 01 24 17 57 04
140828,3 455867,3 2018 01 24 17 57 05
140819,8 455868,4 2018 01 24 17 57 06
140812,1 455870,1 2018 01 24 17 57 07
140804,8 455872,7 2018 01 24 17 57 08
140798,3 455876,1 2018 01 24 17 57 10
140792,7 455881 2018 01 24 17 57 10
140788,6 455887,6 2018 01 24 17 57 11
140786,4 455895,3 2018 01 24 17 57 12
140786,3 455904,2 2018 01 24 17 57 13
140787,6 455913,8 2018 01 24 17 57 14
140789,3 455924,4 2018 01 24 17 57 15
140790,6 455936,3 2018 01 24 17 57 16
140792 455947,9 2018 01 24 17 57 17
140793,5 455959,7 2018 01 24 17 57 18
140794,7 455972,3 2018 01 24 17 57 19
140795,7 455985,7 2018 01 24 17 57 20